4294967278,132
4294967278,131
4294967278,130
4294967278,129
4294967278,128
4294967278,127
4294967278,126
4294967278,125
4294967278,124
4294967278,123
4294967278,122
4294967278,121
4294967278,120
4294967278,119
4294967278,118
4294967278,117
4294967278,116
4294967278,115
4294967278,114
4294967278,113
4294967278,112
4294967278,111
4294967278,110
4294967278,109
4294967278,108
4294967278,107
4294967278,106
4294967278,105
4294967278,104
4294967278,103
4294967278,102
4294967278,101
4294967278,100
4294967278,99
4294967278,98
4294967278,97
4294967278,96
4294967278,95
4294967278,94
4294967278,93
4294967278,92
4294967278,91
4294967278,90
4294967278,89
4294967278,87
4294967278,86
4294967278,85
4294967278,84
4294967278,83
4294967278,82
4294967278,81
4294967278,79
4294967278,78
4294967278,77
4294967278,76
4294967278,75
4294967278,74
4294967278,73
4294967278,72
4294967278,70
4294967278,69
4294967278,68
4294967278,67
4294967278,65
4294967278,64
4294967278,61
4294967278,60
4294967278,59
4294967278,58
4294967278,56
4294967278,55
4294967278,54
4294967279,67
4294967279,63
4294967279,58
4294967279,55
4294967279,54
4294967279,51
4294967279,554
4294967279,49
4294967279,42
4294967279,39
4294967279,37
4294967279,34
4294967279,548
4294967279,33
4294967279,31
4294967279,27
4294967279,26
4294967279,25
4294967279,24
4294967279,23
4294967279,20
4294967279,19
4294967279,18
4294967279,260
4294967279,16
4294967279,13
4294967279,11
4294967279,10
4294967279,9
4294967279,8
4294967279,7
4294967279,6
4294967279,5
4294967279,4
4294967294,127
4294967294,20
4294967294,13
4294967278,197
4294967278,195
4294967278,194
4294967294,6
4294967278,80
4294967278,326
4294967294,30
4294967294,61
4294967278,192
4294967294,50
4294967294,11
4294967294,81
4294967294,68
4294967278,190
4294967278,189
60,4
60,3
60,2
60,1
4294967278,188
4294967278,187
4294967278,71
4294967278,186
4294967294,89
59,4
4294967278,185
59,3
59,2
59,1
4294967278,318
4294967278,184
4294967278,183
4294967279,183
4294967278,182
58,4
58,3
58,2
58,1
4294967278,181
4294967294,1418
4294967294,1417
4294967294,436
4294967279,181
4294967278,180
4294967279,65
4294967278,179
4294967278,363
4294967278,66
4294967279,543
4294967279,307
4294967278,178
57,6
4294967278,62
4294967294,469
4294967278,175
4294967279,557
4294967278,362
4294967278,63
4294967278,351
57,5
4294967294,22
4294967278,173
4294967279,173
4294967278,172
57,4
57,3
57,2
57,1
4294967279,556
4294967279,539
4294967279,59
4294967278,171
4294967278,170
4294967279,56
4294967294,392
4294967294,115
4294967294,2
4294967294,46
4294967278,57
4294967278,169
4294967278,357
4294967279,57
4294967279,552
4294967278,168
56,5
4294967294,17
4294967294,76
4294967294,41
4294967294,67
4294967294,1416
4294967294,418
4294967294,1077
4294967294,1078
4294967294,1
4294967294,1030
4294967294,0
4294967294,1031
4294967294,185
4294967294,1049
4294967294,28
4294967294,1048
4294967294,27
4294967294,470
4294967294,25
4294967294,1074
4294967294,26
4294967294,90
4294967294,87
4294967294,416
4294967294,84
4294967294,52
4294967294,45
4294967294,44
4294967294,7
4294967279,292
0,5
4294967294,94
4294967294,93
4294967294,96
4294967294,95
4294967279,166
56,4
0,7
4294967294,9
4294967294,8
56,3
56,2
56,1
55,5
55,4
55,3
55,2
55,1
4294967278,361
54,5
54,4
54,3
54,2
54,1
52,4
52,3
52,2
52,1
4294967279,281
51,4
51,3
51,2
51,1
4294967294,471
4294967279,553
4294967293,131
4294967293,130
4294967293,129
4294967293,128
4294967293,127
4294967293,126
4294967293,125
4294967293,124
4294967293,123
4294967293,122
4294967293,121
4294967293,120
4294967293,119
4294967293,118
4294967293,117
4294967293,116
4294967293,115
4294967293,114
4294967293,113
4294967293,112
4294967293,111
4294967293,110
4294967293,109
4294967293,108
4294967293,107
4294967293,106
4294967293,105
4294967293,104
4294967293,103
4294967293,102
4294967293,101
4294967293,100
4294967293,99
4294967293,98
4294967293,97
4294967293,96
4294967293,95
4294967293,94
4294967293,93
4294967293,92
4294967293,91
4294967293,90
4294967293,89
4294967293,88
4294967293,87
4294967293,86
4294967293,85
4294967293,84
